2 0.9112377850162867 0.5701086956521739 0.1677524429967427 0.21195652173913043
2 0.5109934853420196 0.3 0.10504885993485343 0.14782608695652175
2 0.4222312703583062 0.30434782608695654 0.11970684039087949 0.17391304347826086
2 0.5903908794788274 0.27065217391304347 0.13029315960912052 0.1282608695652174
2 0.6897394136807818 0.23804347826086958 0.10586319218241043 0.1
2 0.7577361563517916 0.24347826086956523 0.08713355048859935 0.15217391304347827
2 0.3350977198697069 0.3375 0.11970684039087949 0.12065217391304348
2 0.1254071661237785 0.48206521739130437 0.11726384364820848 0.12934782608695652
2 0.07573289902280131 0.3266304347826087 0.1465798045602606 0.21195652173913043
2 0.1767100977198697 0.33206521739130435 0.09771986970684039 0.1858695652173913
2 0.26058631921824105 0.34945652173913044 0.09771986970684039 0.19456521739130436
2 0.7813517915309447 0.06793478260869565 0.16042345276872966 0.20108695652173914
2 0.745928338762215 0.6940217391304347 0.16612377850162868 0.11195652173913044