1 0.14006514657980457 0.13152173913043477 0.12214983713355049 0.12391304347826088
1 0.08306188925081434 0.2875 0.09120521172638436 0.13152173913043477
1 0.13925081433224756 0.48206521739130437 0.08794788273615635 0.08586956521739131
2 0.3403908794788274 0.12717391304347828 0.09609120521172639 0.13043478260869565
0 0.4014657980456026 0.17173913043478262 0.03257328990228013 0.05434782608695652
0 0.43078175895765475 0.18858695652173912 0.02931596091205212 0.04673913043478261
0 0.45195439739413684 0.2108695652173913 0.06026058631921825 0.043478260869565216
0 0.21254071661237786 0.40054347826086956 0.08306188925081434 0.1141304347826087
1 0.048859934853420196 0.5983695652173913 0.0749185667752443 0.14456521739130435
0 0.23167752442996745 0.6048913043478261 0.07899022801302932 0.07934782608695652
1 0.18118892508143322 0.5244565217391305 0.06596091205211727 0.07717391304347826
2 0.499185667752443 0.6418478260869566 0.11889250814332249 0.1358695652173913
0 0.5101791530944626 0.5554347826086956 0.07736156351791532 0.08260869565217391
2 0.4849348534201955 0.37717391304347825 0.07899022801302932 0.10434782608695653
2 0.50814332247557 0.2668478260869565 0.07654723127035831 0.08804347826086957
0 0.5321661237785017 0.358695652173913 0.038273615635179156 0.043478260869565216
1 0.5561889250814332 0.13369565217391305 0.10097719869706841 0.11956521739130435
1 0.5977198697068404 0.07010869565217391 0.07166123778501629 0.075
2 0.8192182410423453 0.04728260869565217 0.07817589576547232 0.07717391304347826
1 0.739413680781759 0.4108695652173913 0.10423452768729642 0.16304347826086957
1 0.8762214983713356 0.5815217391304348 0.1791530944625407 0.17608695652173914
1 0.5789902280130294 0.4375 0.05863192182410424 0.08586956521739131
1 0.6042345276872965 0.5369565217391304 0.08469055374592835 0.0891304347826087
0 0.08998371335504886 0.5413043478260869 0.07736156351791532 0.10217391304347827
1 0.9417752442996743 0.717391304347826 0.10179153094462541 0.07173913043478261