1 0.19543973941368079 0.3048913043478261 0.11237785016286646 0.15978260869565217
1 0.6437296416938111 0.28804347826086957 0.06433224755700326 0.1108695652173913
1 0.24470684039087948 0.04619565217391305 0.1213355048859935 0.08804347826086957
1 0.21376221498371337 0.5967391304347827 0.07573289902280131 0.10217391304347827
1 0.7182410423452769 0.6065217391304348 0.08631921824104236 0.11304347826086956
1 0.6469869706840391 0.7146739130434783 0.09201954397394137 0.08369565217391305
1 0.8953583061889251 0.12717391304347828 0.10342019543973942 0.11739130434782609
1 0.03216612377850163 0.23750000000000002 0.057817589576547236 0.14673913043478262
1 0.11848534201954398 0.3657608695652174 0.11644951140065148 0.18369565217391304
0 0.08061889250814333 0.017934782608695653 0.09120521172638436 0.075
0 0.22679153094462542 0.17228260869565218 0.0724755700325733 0.10108695652173913
0 0.377442996742671 0.09184782608695652 0.08550488599348535 0.075
0 0.1270358306188925 0.6565217391304348 0.08631921824104236 0.0782608695652174
2 0.6921824104234529 0.40054347826086956 0.08306188925081434 0.1141304347826087
2 0.7052117263843648 0.28804347826086957 0.06188925081433225 0.07391304347826087
2 0.7447068403908795 0.15108695652173912 0.10342019543973942 0.14130434782608695
0 0.7561074918566776 0.3646739130434783 0.07573289902280131 0.0967391304347826
0 0.7438925081433225 0.47391304347826085 0.057817589576547236 0.06521739130434782
0 0.8640065146579805 0.46195652173913043 0.07980456026058633 0.10434782608695653
0 0.876628664495114 0.6760869565217391 0.06596091205211727 0.1
0 0.7512214983713356 0.7239130434782609 0.052931596091205214 0.052173913043478265
0 0.9531758957654723 0.7038043478260869 0.0724755700325733 0.09021739130434783