0 0.19421824104234528 0.16684782608695653 0.11970684039087949 0.11847826086956521
2 0.10545602605863193 0.49619565217391304 0.16205211726384366 0.20978260869565218
1 0.09568403908794788 0.6461956521739131 0.11482084690553747 0.12065217391304348
1 0.22801302931596093 0.6369565217391304 0.1677524429967427 0.2
1 0.2947882736156352 0.37717391304347825 0.18566775244299674 0.23043478260869565
1 0.33143322475570036 0.2722826086956522 0.10586319218241043 0.15543478260869564
1 0.8640065146579805 0.23206521739130434 0.1710097719869707 0.225
1 0.9454397394136809 0.3875 0.10749185667752444 0.14673913043478262
0 0.9434039087947883 0.6869565217391305 0.09690553745928339 0.12608695652173912
1 0.7585504885993486 0.05597826086956522 0.16205211726384366 0.175
0 0.4674267100977199 0.6907608695652174 0.1775244299674267 0.11847826086956521