1 0.059853420195439745 0.10434782608695653 0.1001628664495114 0.21739130434782608
1 0.3147394136807818 0.4173913043478261 0.0985342019543974 0.12173913043478261
1 0.3973941368078176 0.6994565217391304 0.09609120521172639 0.10108695652173913
0 0.16205211726384366 0.1309782608695652 0.08794788273615635 0.10543478260869565
0 0.05130293159609121 0.358695652173913 0.06514657980456026 0.08260869565217391
0 0.11400651465798047 0.5233695652173913 0.06026058631921825 0.07065217391304347
0 0.1262214983713355 0.41793478260869565 0.09120521172638436 0.12934782608695652
0 0.42793159609120524 0.2418478260869565 0.061074918566775244 0.07934782608695652
0 0.30618892508143325 0.051630434782608696 0.043973941368078175 0.035869565217391305
0 0.30130293159609123 0.10434782608695653 0.02280130293159609 0.05434782608695652
0 0.5109934853420196 0.29347826086956524 0.0741042345276873 0.1
0 0.628257328990228 0.5364130434782609 0.09201954397394137 0.08152173913043478
0 0.8086319218241043 0.5271739130434783 0.0749185667752443 0.05652173913043478
0 0.8114820846905538 0.6005434782608696 0.03664495114006515 0.07934782608695652
0 0.45358306188925085 0.41195652173913044 0.08794788273615635 0.06739130434782609
0 0.9140879478827362 0.02282608695652174 0.05456026058631922 0.041304347826086954
0 0.9438110749185669 0.2217391304347826 0.03745928338762215 0.05434782608695652
2 0.21457654723127037 0.3989130434782609 0.0985342019543974 0.16956521739130434
2 0.09161237785016287 0.6217391304347826 0.09527687296416938 0.10434782608695653
2 0.1974755700325733 0.6260869565217392 0.10342019543973942 0.12608695652173912
2 0.6677524429967427 0.6940217391304347 0.06351791530944625 0.07934782608695652
2 0.3448697068403909 0.5434782608695652 0.1245928338762215 0.12608695652173912
2 0.2984527687296417 0.20652173913043478 0.09039087947882736 0.11956521739130435
1 0.36156351791530944 0.3239130434782609 0.0993485342019544 0.11521739130434783
0 0.5134364820846906 0.042934782608695654 0.11807817589576548 0.09891304347826087