1 0.45439739413680785 0.4945652173913044 0.20846905537459284 0.21304347826086956
1 0.6107491856677525 0.4826086956521739 0.15798045602605865 0.21956521739130436
1 0.6673452768729642 0.3652173913043478 0.1767100977198697 0.1847826086956522
1 0.6616449511400652 0.37119565217391304 0.3346905537459284 0.3641304347826087
0 0.7255700325732899 0.6320652173913044 0.06351791530944625 0.07717391304347826
0 0.7255700325732899 0.7168478260869565 0.11726384364820848 0.06195652173913044
0 0.3171824104234528 0.5184782608695653 0.13110749185667753 0.08695652173913043
0 0.11726384364820848 0.6103260869565218 0.07980456026058633 0.07065217391304347
1 0.14332247557003258 0.4771739130434783 0.10749185667752444 0.06739130434782609
1 0.25977198697068404 0.38858695652173914 0.08306188925081434 0.10108695652173913
0 0.4234527687296417 0.3076086956521739 0.07654723127035831 0.04782608695652174
1 0.9250814332247558 0.5065217391304347 0.08631921824104236 0.07173913043478261
0 0.9686482084690554 0.5461956521739131 0.057817589576547236 0.07717391304347826