1 0.28827361563517917 0.2733695652173913 0.15472312703583063 0.21195652173913043
0 0.11278501628664496 0.31195652173913047 0.10667752442996743 0.08260869565217391
1 0.47475570032573294 0.058152173913043476 0.1742671009771987 0.14021739130434782
0 0.4987785016286645 0.21141304347826087 0.1001628664495114 0.1141304347826087
0 0.5659609120521173 0.23369565217391305 0.07654723127035831 0.1565217391304348
0 0.63314332247557 0.26467391304347826 0.07084690553745929 0.14891304347826087
0 0.6636807817589577 0.0907608695652174 0.08143322475570033 0.09891304347826087
0 0.7182410423452769 0.40597826086956523 0.10423452768729642 0.15543478260869564
1 0.7182410423452769 0.3108695652173913 0.10586319218241043 0.15217391304347827
1 0.4177524429967427 0.5711956521739131 0.1465798045602606 0.18804347826086956
0 0.3163680781758958 0.6304347826086957 0.0985342019543974 0.11956521739130435