2 0.3583061889250814 0.4385869565217391 0.11889250814332249 0.13369565217391305
1 0.3729641693811075 0.6342391304347826 0.1237785016286645 0.12934782608695652
1 0.5366449511400652 0.682608695652174 0.10260586319218241 0.14130434782608695
0 0.6070846905537459 0.4358695652173913 0.0724755700325733 0.10217391304347827
2 0.6123778501628665 0.5684782608695652 0.09771986970684039 0.09347826086956522
1 0.25855048859934854 0.5304347826086957 0.1262214983713355 0.13043478260869565
2 0.5960912052117264 0.2141304347826087 0.13843648208469056 0.12173913043478261
1 0.34690553745928343 0.21521739130434783 0.1465798045602606 0.1673913043478261
2 0.9299674267100978 0.0641304347826087 0.10749185667752444 0.12391304347826088
1 0.4458469055374593 0.39945652173913043 0.14413680781758959 0.15760869565217392
0 0.1999185667752443 0.18043478260869567 0.06433224755700326 0.11956521739130435
0 0.6302931596091206 0.05543478260869565 0.07980456026058633 0.10434782608695653
1 0.1461726384364821 0.6125 0.11644951140065148 0.175