2 0.5594462540716613 0.1858695652173913 0.08143322475570033 0.1108695652173913
2 0.36685667752442996 0.2798913043478261 0.07084690553745929 0.0923913043478261
2 0.30293159609120524 0.33804347826086956 0.09283387622149837 0.11521739130434783
2 0.5052931596091206 0.3565217391304348 0.04478827361563518 0.052173913043478265
2 0.5907980456026058 0.3407608695652174 0.06596091205211727 0.07717391304347826
1 0.15513029315960913 0.3983695652173913 0.11156351791530945 0.12282608695652174
1 0.1262214983713355 0.5 0.08957654723127036 0.11521739130434783
1 0.6376221498371336 0.6842391304347826 0.07980456026058633 0.07717391304347826
1 0.18118892508143322 0.7831521739130435 0.061074918566775244 0.06630434782608696
1 0.2785016286644951 0.18315217391304348 0.0732899022801303 0.06847826086956522
2 0.749185667752443 0.5342391304347827 0.05863192182410424 0.06847826086956522
2 0.7544788273615636 0.6603260869565217 0.04478827361563518 0.06630434782608696
2 0.6832247557003258 0.3673913043478261 0.05211726384364821 0.06739130434782609
1 0.738599348534202 0.753804347826087 0.10586319218241043 0.125
1 0.6400651465798046 0.7733695652173913 0.07654723127035831 0.075
1 0.6640879478827362 0.45815217391304347 0.09039087947882736 0.11847826086956521
1 0.7964169381107492 0.09510869565217392 0.11563517915309447 0.13152173913043477
0 0.47842019543973946 0.3141304347826087 0.02687296416938111 0.030434782608695653
0 0.6302931596091206 0.2559782608695652 0.027687296416938113 0.042391304347826085
0 0.45480456026058635 0.34347826086956523 0.021986970684039087 0.03695652173913044
1 0.05456026058631922 0.5472826086956522 0.07654723127035831 0.125
1 0.25855048859934854 0.4771739130434783 0.11644951140065148 0.09347826086956522
1 0.45724755700325737 0.6097826086956522 0.10179153094462541 0.10869565217391304
1 0.5525244299674268 0.6777173913043478 0.09039087947882736 0.16847826086956522