2 0.2504071661237785 0.6206521739130435 0.10667752442996743 0.10652173913043478
2 0.1478013029315961 0.616304347826087 0.061074918566775244 0.0782608695652174
2 0.20236156351791532 0.7684782608695653 0.06758957654723127 0.08043478260869566
2 0.5158794788273616 0.08260869565217391 0.07899022801302932 0.09130434782608696
2 0.3367263843648209 0.4945652173913044 0.07899022801302932 0.10652173913043478
2 0.5855048859934854 0.421195652173913 0.05700325732899023 0.06847826086956522
2 0.49267100977198697 0.6456521739130435 0.055374592833876225 0.06956521739130435
1 0.4153094462540717 0.17880434782608695 0.11726384364820848 0.13369565217391305
1 0.36482084690553745 0.049456521739130434 0.1205211726384365 0.08586956521739131
0 0.4030944625407166 0.2875 0.05863192182410424 0.0641304347826087
2 0.4022801302931596 0.28695652173913044 0.05863192182410424 0.06739130434782609
2 0.4026872964169381 0.28641304347826085 0.061074918566775244 0.06847826086956522
2 0.5622964169381107 0.5021739130434782 0.038273615635179156 0.058695652173913045
2 0.5570032573289903 0.6076086956521739 0.03257328990228013 0.058695652173913045
2 0.45806188925081437 0.483695652173913 0.05130293159609121 0.07608695652173914
2 0.25814332247557004 0.5048913043478261 0.05700325732899023 0.06630434782608696
1 0.09609120521172639 0.6880434782608695 0.08957654723127036 0.09130434782608696
2 0.7369706840390879 0.08260869565217391 0.04071661237785017 0.052173913043478265
2 0.5240228013029317 0.4945652173913044 0.04153094462540717 0.07173913043478261
1 0.615228013029316 0.7739130434782608 0.08713355048859935 0.12608695652173912