2 0.9442182410423453 0.004347826086956522 0.0008143322475570033 0.0
2 0.5166938110749186 0.6581521739130435 0.14250814332247558 0.1641304347826087
1 0.5187296416938111 0.45054347826086955 0.16612377850162868 0.1793478260869565
2 0.25855048859934854 0.6336956521739131 0.09201954397394137 0.07608695652173914
2 0.3521986970684039 0.7478260869565218 0.13436482084690554 0.08043478260869566
2 0.8322475570032574 0.6396739130434783 0.07003257328990228 0.07934782608695652
2 0.3118892508143323 0.4603260869565217 0.0749185667752443 0.06630434782608696
1 0.45521172638436486 0.33043478260869563 0.1237785016286645 0.1108695652173913
2 0.38395765472312704 0.5548913043478261 0.0496742671009772 0.059782608695652176
1 0.6384364820846906 0.39510869565217394 0.1237785016286645 0.14673913043478262
1 0.2939739413680782 0.5777173913043478 0.07980456026058633 0.11847826086956521
2 0.3688925081433225 0.35706521739130437 0.04723127035830619 0.06847826086956522
2 0.5268729641693811 0.45543478260869563 0.04560260586319218 0.06521739130434782