2 0.627442996742671 0.45543478260869563 0.046416938110749185 0.07608695652173914
2 0.1978827361563518 0.24130434782608695 0.04071661237785017 0.052173913043478265
2 0.5785830618892508 0.13858695652173914 0.08387622149837134 0.10326086956521739
2 0.7231270358306189 0.42391304347826086 0.042345276872964174 0.04782608695652174
2 0.6188925081433225 0.5940217391304348 0.05211726384364821 0.08586956521739131
2 0.04193811074918567 0.6086956521739131 0.061074918566775244 0.06521739130434782
2 0.14372964169381108 0.16195652173913044 0.05456026058631922 0.06304347826086956
2 0.18811074918566775 0.30543478260869567 0.0732899022801303 0.07173913043478261
2 0.5561889250814332 0.6021739130434782 0.06840390879478828 0.07608695652173914
2 0.28379478827361565 0.49130434782608695 0.057817589576547236 0.05652173913043478
2 0.6188925081433225 0.3782608695652174 0.07166123778501629 0.07608695652173914
1 0.4633550488599349 0.4320652173913044 0.09609120521172639 0.12934782608695652
1 0.6730456026058632 0.2858695652173913 0.13762214983713356 0.10869565217391304
1 0.4389250814332248 0.15 0.08469055374592835 0.10217391304347827
1 0.08469055374592835 0.2157608695652174 0.07980456026058633 0.10978260869565218
1 0.09079804560260586 0.38532608695652176 0.10342019543973942 0.11630434782608695
1 0.38965798045602607 0.5440217391304348 0.10667752442996743 0.1141304347826087
2 0.28257328990228014 0.20217391304347826 0.03745928338762215 0.04782608695652174
1 0.7878664495114007 0.37771739130434784 0.052931596091205214 0.07934782608695652
1 0.5325732899022801 0.3646739130434783 0.06026058631921825 0.11630434782608695
1 0.6457654723127036 0.5135869565217391 0.12866449511400652 0.08804347826086957