1 0.15228013029315962 0.2423913043478261 0.10260586319218241 0.13260869565217392
1 0.5130293159609121 0.7059782608695653 0.0993485342019544 0.08152173913043478
1 0.7528501628664496 0.657608695652174 0.07573289902280131 0.10869565217391304
1 0.9112377850162867 0.5168478260869566 0.0732899022801303 0.08586956521739131
1 0.5692182410423453 0.27010869565217394 0.10097719869706841 0.10760869565217392
1 0.22557003257328992 0.07336956521739131 0.10097719869706841 0.12065217391304348
1 0.3990228013029316 0.4532608695652174 0.05211726384364821 0.058695652173913045
1 0.5907980456026058 0.5695652173913044 0.07736156351791532 0.09130434782608696
1 0.9096091205211727 0.7347826086956522 0.0732899022801303 0.09565217391304348
1 0.0724755700325733 0.3532608695652174 0.0993485342019544 0.12173913043478261
1 0.4629478827361564 0.2554347826086957 0.08061889250814333 0.15869565217391304
1 0.1978827361563518 0.5711956521739131 0.08469055374592835 0.10978260869565218
1 0.4710912052117264 0.5342391304347827 0.06433224755700326 0.10326086956521739
2 0.6087133550488599 0.10706521739130435 0.04478827361563518 0.057608695652173914
2 0.32532573289902283 0.4543478260869565 0.04804560260586319 0.08260869565217391
2 0.2227198697068404 0.37445652173913047 0.0496742671009772 0.08804347826086957
2 0.11319218241042346 0.3869565217391304 0.06514657980456026 0.08695652173913043
1 0.6140065146579805 0.4614130434782609 0.09120521172638436 0.09021739130434783
1 0.8456840390879479 0.3233695652173913 0.06433224755700326 0.09021739130434783