2 0.32491856677524433 0.5820652173913043 0.12866449511400652 0.13369565217391305
2 0.35912052117263843 0.4016304347826087 0.1205211726384365 0.10543478260869565
2 0.6803745928338762 0.11195652173913044 0.12947882736156352 0.13043478260869565
2 0.21131921824104236 0.10978260869565218 0.08061889250814333 0.09565217391304348
2 0.6078990228013029 0.266304347826087 0.09201954397394137 0.11304347826086956
2 0.20724755700325734 0.6679347826086957 0.09364820846905537 0.14456521739130435
1 0.6054560260586319 0.38423913043478264 0.14250814332247558 0.14673913043478262
1 0.08102605863192183 0.7375 0.1262214983713355 0.12282608695652174
1 0.45439739413680785 0.5858695652173913 0.11400651465798047 0.14347826086956522
2 0.7866449511400652 0.09728260869565218 0.09771986970684039 0.13152173913043477
2 0.10423452768729642 0.5331521739130435 0.08469055374592835 0.10978260869565218
1 0.4686482084690554 0.2467391304347826 0.1750814332247557 0.21739130434782608