2 0.617671009771987 0.5706521739130435 0.08061889250814333 0.10869565217391304
2 0.3167752442996743 0.22391304347826088 0.05700325732899023 0.09782608695652174
2 0.3416123778501629 0.4592391304347826 0.11319218241042346 0.10326086956521739
1 0.25814332247557004 0.6510869565217391 0.06026058631921825 0.09347826086956522
1 0.8835504885993486 0.15217391304347827 0.07003257328990228 0.11304347826086956
1 0.7939739413680782 0.6701086956521739 0.04723127035830619 0.075
1 0.5496742671009772 0.682608695652174 0.08469055374592835 0.08695652173913043
1 0.47190553745928343 0.6391304347826087 0.06270358306188925 0.09347826086956522
1 0.4372964169381108 0.2826086956521739 0.08957654723127036 0.09130434782608696
1 0.6050488599348535 0.3418478260869565 0.06351791530944625 0.08804347826086957
1 0.5480456026058632 0.4652173913043478 0.07003257328990228 0.09782608695652174
1 0.738599348534202 0.6358695652173914 0.055374592833876225 0.06739130434782609
1 0.755700325732899 0.725 0.06026058631921825 0.08478260869565217
1 0.8745928338762216 0.7081521739130435 0.06514657980456026 0.11630434782608695
1 0.3412052117263844 0.6907608695652174 0.07003257328990228 0.07717391304347826
1 0.16490228013029318 0.5423913043478261 0.09527687296416938 0.11956521739130435
1 0.06351791530944625 0.2608695652173913 0.11400651465798047 0.1282608695652174
1 0.20317589576547232 0.3010869565217391 0.07084690553745929 0.0891304347826087
2 0.6974755700325733 0.4277173913043478 0.07084690553745929 0.11195652173913044
2 0.34690553745928343 0.6027173913043479 0.05700325732899023 0.07282608695652174
1 0.8179967426710099 0.4146739130434783 0.06270358306188925 0.11195652173913044
1 0.885586319218241 0.49130434782608695 0.08550488599348535 0.10434782608695653
1 0.7243485342019544 0.13967391304347826 0.05618892508143323 0.09456521739130434
1 0.2931596091205212 0.3858695652173913 0.09446254071661238 0.08695652173913043
1 0.6877035830618893 0.29836956521739133 0.06758957654723127 0.0923913043478261