1 0.5549674267100978 0.3282608695652174 0.20928338762214985 0.26956521739130435
1 0.4250814332247557 0.5233695652173913 0.19218241042345277 0.22717391304347825
1 0.6095276872964169 0.621195652173913 0.18811074918566775 0.20978260869565218
1 0.1270358306188925 0.5815217391304348 0.15309446254071662 0.20652173913043478
1 0.3554560260586319 0.20652173913043478 0.20928338762214985 0.22608695652173913
2 0.7479641693811075 0.06630434782608696 0.1718241042345277 0.12391304347826088
2 0.9177524429967427 0.7146739130434783 0.15635179153094464 0.22065217391304348
1 0.9173452768729642 0.7125 0.1473941368078176 0.2076086956521739
2 0.9214169381107492 0.7244565217391304 0.13762214983713356 0.17717391304347826
1 0.9140879478827362 0.7076086956521739 0.1457654723127036 0.19782608695652174
1 0.9381107491856678 0.7298913043478261 0.13680781758957655 0.18804347826086956